		1															
		2											1				
		3											2				
		4											3				
		5	1										4				
		6	2										5				
		7	3										6				
		8	4										7				
		9	5										8				
		10	6				1		1		1		9				
1	1	11	7	1	1	1	2	1	2	1	2	1	10	1	1	1	1
2	2	12	8	2	2	2	3	2	3	2	3	2	11	2	2	2	2
3	3	13	9	3	3	3	4	3	4	3	4	3	12	3	3	3	3
4	4	14	10	4	4	4	5	4	5	4	5	4	13	4	4	4	4
5	5	15	11	5	5	5	6	5	6	5	6	5	14	5	5	5	5
6	6	16	12	6	6	6	7	6	7	6	7	6	15	6	6	6	6
7	7	17	13	7	7	7	8	7	8	7	8	7	16	7	7	7	7
8	8	18	14	8	8	8	9	8	9	8	9	8	17	8	8	8	8
9	9	19	15	9	9	9	10	9	10	9	10	9	18	9	9	9	9
10	10	20	16	10	10	10	11	10	11	10	11	10	19	10	10	10	10
11	11	21	17	11	11	11	12	11	12	11	12	11	20	11	11	11	11
12	12	22	18	12	12	12	13	12	13	12	13	12	21	12	12	12	12
13	13	23	19	13	13	13	14	13	14	13	14	13	22	13	13	13	13
14	14	24	20	14	14	14	15	14	15	14	15	14	23	14	14	14	14
15	15	25	21	15	15	15	16	15	16	15	16	15	24	15	15	15	15
16	16	26	22	16	16	16	17	16	17	16	17	16	25	16	16	16	16
17	17	27	23	17	17	17	18	17	18	17	18	17	26	17	17	17	17
18	18	28	24	18	18	18	19	18	19	18	19	18	27	18	18	18	18
19	19	29	25	19	19	19	20	19	20	19	20	19	28	19	19	19	19
20	20	30	26	20	20	20	21	20	21	20	21	20	29	20	20	20	20
21	21	31	27	21	21	21	22	21	22	21	22	21	30	21	21	21	21
22	22	32	28	22	22	22	23	22	23	22	23	22	31	22	22	22	22
23	23	33	29	23	23	23	24	23	24	23	24	23	32	23	23	23	23
24	24	34	30	24	24	24	25	24	25	24	25	24	33	24	24	24	24
25	25	35	31	25	25	25	26	25	26	25	26	25	34	25	25	25	25
26	26	36	32	26	26	26	27	26	27	26	27	26	35	26	26	26	26
27	27	37	33	27	27	27	28	27	28	27	28	27	36	27	27	27	27
28	28	38	34	28	28	28	29	28	29	28	29	28	37	28	28	28	28
29	29	39	35	29	29	29	30	29	30	29	30	29	38	29	29	29	29
30	30	40	36	30	30	30	31	30	31	30	31	30	39	30	30	30	30
31	31	41	37	31	31	31	32	31	32	31	32	31	40	31	31	31	31
32	32	42	38	32	32	32	33	32	33	32	33	32	41	32	32	32	32
33	33	43	39	33	33	33	34	33	34	33	34	33	42	33	33	33	33
34	34	44	40	34	34	34	35	34	35	34	35	34	43	34	34	34	34
35	35	45	41	35	35	35	36	35	36	35	36	35	44	35	35	35	35
36	36	46	42	36	36	36	37	36	37	36	37	36	45	36	36	36	36
37	37	47	43	37	37	37	38	37	38	37	38	37	46	37	37	37	37
38	38	48	44	38	38	38	39	38	39	38	39	38	47	38	38	38	38
39	39	49	45	39	39	39	40	39	40	39	40	39	48	39	39	39	39
40	40	50	46	40	40	40	41	40	41	40	41	40	49	40	40	40	40
41	41	51	47	41	41	41	42	41	42	41	42	41	50	41	41	41	41
42	42	52	48	42	42	42	43	42	43	42	43	42	51	42	42	42	42
43	43	53	49	43	43	43	44	43	44	43	44	43	52	43	43	43	43
44	44	54	50	44	44	44	45	44	45	44	45	44	53	44	44	44	44
45	45	-	-	45	45	-	46	45	-	45	46	45	-	-	45	45	45
46	46	55	51	46	46	45	47	46	46	46	47	46	54	45	46	46	46
47	47	56	52	47	47	46	48	47	47	47	48	47	55	46	47	47	47
48	48	57	53	48	48	47	49	48	48	48	49	48	56	47	48	48	48
49	49	58	54	49	49	48	50	49	49	49	50	49	57	48	49	49	49
50	50	59	55	50	50	49	51	50	50	50	51	50	58	49	50	50	50
51	51	60	56	51	51	50	52	51	51	51	52	51	59	50	51	51	51
52	52	61	57	52	52	51	53	52	52	52	53	52	60	51	52	52	52
53	53	62	58	53	53	52	54	53	53	53	54	53	61	52	53	53	53
54	54	63	59	54	54	53	55	54	54	54	55	54	62	53	54	54	54
55	55	64	60	55	55	54	56	55	55	55	56	55	63	54	55	55	55
56	56	65	61	56	56	55	57	56	56	56	57	56	64	55	56	56	56
57	57	66	62	57	57	56	58	57	57	57	58	57	65	56	57	57	57
58	58	67	63	58	58	57	59	58	58	58	59	58	66	57	58	58	58
59	59	68	64	59	59	58	60	59	59	59	60	59	67	58	59	59	59
60	60	69	65	60	60	59	61	60	60	60	61	60	68	59	60	60	60
61	61	70	66	61	61	60	62	61	61	61	62	61	69	60	61	61	61
62	62	71	67	62	62	61	63	62	62	62	63	62	70	61	62	62	62
63	63	72	68	63	63	62	64	63	63	63	64	63	71	62	63	63	63
64	64	73	69	64	64	63	65	64	64	64	65	64	72	63	64	64	64
65	65	74	70	65	65	64	66	65	65	65	66	65	73	64	65	65	65
66	66	75	71	66	66	65	67	66	66	66	67	66	74	65	66	66	66
67	67	76	72	67	67	66	68	67	67	67	68	67	75	66	67	67	67
68	68	77	73	68	68	67	69	68	68	68	69	68	76	67	68	68	68
69	69	78	74	69	69	68	70	69	69	69	70	69	77	68	69	69	69
70	70	79	75	70	70	69	71	70	70	70	71	70	78	69	70	70	70
71	71	80	76	71	71	70	72	71	71	71	72	71	79	70	71	71	71
72	72	81	77	72	72	71	73	72	72	72	73	72	80	71	72	72	72
73	73	82	78	73	73	72	74	73	73	73	74	73	81	72	73	73	73
74	74	-	-	74	74	-	75	74	-	74	75	74	-	-	74	74	74
75	75	83	79	75	75	73	76	75	74	75	76	75	82	73	75	75	75
76	76	84	80	76	76	74	77	76	75	76	77	76	83	74	76	76	76
77	77	85	81	77	77	75	78	77	76	77	78	77	84	75	77	77	77
78	78	86	82	78	78	76	79	78	77	78	79	78	85	76	78	78	78
79	79	87	83	79	79	77	80	79	78	79	80	79	86	77	79	79	79
80	80	88	84	80	80	78	81	80	79	80	81	80	87	78	80	80	80
81	81	89	85	81	81	79	82	81	80	81	82	81	88	79	81	81	81
82	82	90	86	82	82	80	83	82	81	82	83	82	89	80	82	82	82
83	83	91	87	83	83	81	84	83	82	83	84	83	90	81	83	83	83
84	84	92	88	84	84	82	85	84	83	84	85	84	91	82	84	84	84
85	85	-	-	85	85	-	86	85	-	85	86	85	-	-	85	85	85
86	86	93	89	86	86	83	87	86	84	86	87	86	92	83	86	86	86
87	87	94	90	87	87	84	88	87	85	87	88	87	93	84	87	87	87
88	88	95	91	88	88	85	89	88	86	88	89	88	94	85	88	88	88
89	89	96	92	89	89	86	90	89	87	89	90	89	95	86	89	89	89
90	90	97	93	90	90	87	91	90	88	90	91	90	96	87	90	90	90
91	91	98	94	91	91	88	92	91	89	91	92	91	97	88	91	91	91
92	92	99	95	92	92	89	93	92	90	92	93	92	98	89	92	92	92
93	93	100	96	93	93	90	94	93	91	93	94	93	99	90	93	93	93
94	94	101	97	94	94	91	95	94	92	94	95	94	100	91	94	94	94
95	95	102	98	95	95	92	96	95	93	95	96	95	101	92	95	95	95
96	96	103	99	96	96	93	97	96	94	96	97	96	102	93	96	96	96
97	97	104	100	97	97	94	98	97	95	97	98	97	103	94	97	97	97
98	98	105	101	98	98	95	99	98	96	98	99	98	104	95	98	98	98
99	99	106	102	99	99	96	100	99	97	99	100	99	105	96	99	99	99
100	100	107	103	100	100	97	101	100	98	100	101	100	106	97	100	100	100
101	101	108	104	101	101	98	102	101	99	101	102	101	107	98	101	101	101
102	102	109	105	102	102	99	103	102	100	102	103	102	108	99	102	102	102
103	103	110	106	103	103	100	104	103	101	103	104	103	109	100	103	103	103
104	104	111	107	104	104	101	105	104	102	104	105	104	110	101	104	104	104
105	105	112	108	105	105	102	106	105	103	105	106	105	111	102	105	105	105
106	106	113	109	106	106	103	107	106	104	106	107	106	112	103	106	106	106
107	107	114	110	107	107	104	108	107	105	107	108	107	113	104	107	107	107
108	108	115	111	108	108	105	109	108	106	108	109	108	114	105	108	108	108
109	109	116	112	109	109	106	110	109	107	109	110	109	115	106	109	109	109
110	110	117	113	110	110	107	111	110	108	110	111	110	116	107	110	110	110
111	111	118	114	111	111	108	112	111	109	111	112	111	117	108	111	111	111
112	112	119	115	112	112	109	113	112	110	112	113	112	118	109	112	112	112
113	113	120	116	113	113	110	114	113	111	113	114	113	119	110	113	113	113
114	114	121	117	114	114	111	115	114	112	114	115	114	120	111	114	114	114
115	115	122	118	115	115	112	116	115	113	115	116	115	121	112	115	115	115
116	116	123	119	116	116	113	117	116	114	116	117	116	122	113	116	116	116
117	117	124	120	117	117	114	118	117	115	117	118	117	123	114	117	117	117
118	118	125	121	118	118	115	119	118	116	118	119	118	124	115	118	118	118
119	119	-	-	119	119	-	120	119	-	119	120	119	-	-	119	119	119
120	120	-	-	120	120	-	121	120	-	120	121	120	-	-	120	120	120
121	-	-	-	-	-	-	-	-	-	-	-	-	-	-	-	-	-
122	121	126	122	121	121	116	122	121	117	121	122	121	125	116	121	121	121
123	122	127	123	122	122	117	123	122	118	122	123	122	126	117	122	122	122
124	123	128	124	123	123	118	124	123	119	123	124	123	127	118	123	123	123
125	124	129	125	124	124	119	-	-	120	124	-	-	128	119	-	124	124
126	125	130	126	125	125	120	125	124	121	125	125	124	129	120	124	125	125
127	126	131	127	126	126	121	126	125	122	126	126	125	130	121	125	126	126
128	127	132	128	127	127	122	127	126	123	127	127	126	131	122	126	127	127
129	128	133	129	128	128	123	128	127	124	128	128	127	132	123	127	128	128
130	-	-	-	129	129	-	-	-	125	129	-	-	-	-	-	-	-
131	129	134	130	130	130	124	129	128	126	130	129	128	133	124	128	129	129
132	130	135	131	131	131	125	130	129	127	131	130	129	134	125	129	130	130
133	131	136	132	132	132	126	131	130	128	132	131	130	135	126	130	131	131
134	132	137	133	133	133	127	132	131	129	133	132	131	136	127	131	132	132
135	133	138	134	134	134	128	133	132	130	134	133	132	137	128	132	133	133
136	134	139	135	135	135	129	134	133	131	135	134	133	138	129	133	134	134
137	135	140	136	136	136	130	135	134	132	136	135	134	139	130	134	135	135
138	136	141	137	137	137	131	136	-	133	137	136	135	140	131	135	136	136
-	-	-	-	-	138	-	137	-	-	-	137	136	-	-	-	-	137
139	137	142	138	138	139	-	138	-	134	138	138	137	141	-	136	137	138
140	138	143	139	139	140	132	139	-	135	139	139	138	142	132	137	138	139
141	139	144	140	140	141	133	140	-	136	140	140	139	143	133	138	139	140
142	140	145	141	141	142	134	141	135	137	141	141	140	144	134	139	140	141
143	141	146	142	142	143	135	142	136	138	142	142	141	145	135	140	141	142
144	142	147	143	143	144	136	143	137	139	143	143	142	146	136	141	142	143
145	143	148	144	144	145	137	144	138	140	144	144	143	147	137	142	143	144
146	144	149	145	145	146	138	145	139	141	145	145	144	148	138	143	144	145
147	145	150	146	146	147	139	146	140	142	146	146	145	149	139	144	145	146
148	146	151	147	147	148	140	147	141	143	147	147	146	150	140	145	146	147
149	147	152	148	148	149	141	148	142	144	148	148	147	151	141	146	147	148
150	148	153	149	149	150	142	149	143	145	149	149	148	152	142	147	148	149
151	149	154	150	150	151	143	150	144	146	150	150	149	153	143	148	149	150
152	150	155	151	151	152	144	151	145	147	151	151	150	154	144	149	150	151
153	151	156	152	152	153	145	152	146	148	152	152	151	155	145	150	151	152
154	152	157	153	153	154	146	153	147	149	153	153	152	156	146	151	152	153
155	153	158	154	154	155	147	154	148	150	154	154	153	157	147	152	153	154
-	-	-	155	-	156	148	155	-	151	-	-	-	158	148	153	154	155
-	-	-	-	-	-	149	-	-	152	-	-	-	-	149	-	-	-
156	154	159	156	155	157	150	156	149	153	155	155	154	159	150	154	-	-
157	155	160	157	156	158	151	157	150	154	156	156	155	160	151	155	-	-
158	156	161	158	157	159	152	158	151	155	157	157	156	161	152	156	-	-
159	157	162	159	158	160	153	159	152	156	158	158	157	162	153	157	155	156
160	158	163	160	159	161	154	160	153	157	159	159	158	163	154	158	156	157
161	159	164	161	160	162	155	161	154	158	160	160	159	164	155	159	157	158
162	160	165	162	161	163	156	162	155	159	161	161	160	165	156	160	158	159
163	161	166	163	162	164	157	163	156	160	162	162	161	166	157	161	159	160
164	162	167	164	163	165	158	164	157	161	163	163	162	167	158	162	160	161
165	163	168	165	164	166	159	165	158	162	164	164	163	168	159	163	161	162
166	164	169	166	165	167	160	166	159	163	165	165	164	169	160	164	162	163
167	165	170	167	166	168	161	167	160	164	166	166	165	170	161	165	163	164
168	166	171	168	167	169	162	168	161	165	167	167	166	171	162	166	164	165
169	167	172	169	168	170	163	169	162	166	168	168	167	172	163	167	165	166
170	168	173	170	169	171	164	170	163	167	169	169	168	173	164	168	166	167
171	169	174	171	170	172	165	171	164	168	170	170	169	174	165	169	167	168
172	170	175	172	171	173	166	172	165	169	171	171	170	175	166	170	168	169
173	171	176	173	172	174	167	173	166	170	172	172	171	176	167	171	169	170
174	172	177	174	173	175	168	174	167	171	173	173	172	177	168	172	170	171
175	173	178	175	174	176	169	175	168	172	174	174	173	178	169	173	171	172
176	174	179	176	175	177	170	176	169	173	175	175	174	179	170	174	172	173
177	175	180	177	176	178	171	177	170	174	176	176	175	180	171	175	173	174
178	176	181	178	177	179	172	178	171	175	177	177	176	181	172	176	174	175
179	177	182	179	178	180	173	179	172	176	178	178	177	182	173	177	175	176
180	178	183	180	179	181	174	180	173	177	179	179	178	183	174	178	176	177
181	179	184	181	180	182	175	181	174	178	180	180	179	184	175	179	177	178
182	180	185	182	181	183	176	182	175	179	181	181	180	185	176	180	178	179
183	181	186	183	182	184	177	183	176	180	182	182	181	186	177	181	179	180
184	182	187	184	183	185	178	184	177	181	183	183	182	187	178	182	180	181
185	183	188	185	184	186	179	185	178	182	184	184	183	188	179	183	181	182
186	184	189	186	185	187	180	186	179	183	185	185	184	189	180	184	182	183
187	185	190	187	186	188	181	187	180	184	186	186	185	190	181	185	183	184
188	186	191	188	187	189	182	188	181	185	187	187	186	191	182	186	184	185
189	187	192	189	188	190	183	189	182	186	188	188	187	192	183	187	185	186
190	188	193	190	189	191	184	190	183	187	189	189	188	193	184	188	186	187
191	189	194	191	190	192	185	191	184	188	190	190	189	194	185	189	187	188
192	190	195	192	191	193	186	192	185	189	191	191	190	195	186	190	188	189
193	191	196	193	192	194	187	193	186	190	192	192	191	196	187	191	189	190
194	192	197	194	193	195	188	194	187	191	193	193	192	197	188	192	190	191
195	193	198	195	194	196	189	195	188	192	194	194	193	198	189	193	191	192
196	194	199	196	195	197	190	196	189	193	195	195	194	199	190	194	192	193
197	195	200	197	196	198	191	197	190	194	196	196	195	200	191	195	193	194
198	196	201	198	197	199	192	198	191	195	197	197	196	201	192	196	194	195
199	197	202	199	198	200	193	199	192	196	198	198	197	202	193	197	195	196
200	198	203	200	199	201	194	200	193	197	199	199	198	203	194	198	196	197
201	199	204	201	200	202	195	201	194	198	200	200	199	204	195	199	197	198
202	200	205	202	201	203	196	202	195	199	201	201	200	205	196	200	198	199
203	201	206	203	202	204	197	203	196	200	202	202	201	206	197	201	199	200
204	202	207	204	203	205	198	204	197	201	203	203	202	207	198	202	200	201
205	203	208	205	204	206	199	205	198	202	204	204	203	208	199	203	201	202
206	204	209	206	205	207	200	206	199	203	205	205	204	209	200	204	202	203
207	205	210	207	206	208	201	207	200	204	206	206	205	210	201	205	203	204
208	206	211	208	207	209	202	208	201	205	207	207	206	211	202	206	204	205
209	207	212	209	208	210	203	209	202	206	208	208	207	212	203	207	205	206
210	208	213	210	209	211	204	210	203	207	209	209	208	213	204	208	206	207
211	209	214	211	210	212	205	211	204	208	210	210	209	214	205	209	207	208
212	210	215	212	211	213	206	212	205	209	211	211	210	215	206	210	208	209
213	211	216	213	212	214	207	213	206	210	212	212	211	216	207	211	209	210
214	212	217	214	213	215	208	214	207	211	213	213	212	217	208	212	210	211
215	213	218	215	214	216	209	215	208	212	214	214	213	218	209	213	211	212
216	214	219	216	215	217	210	216	209	213	215	215	214	219	210	214	212	213
217	215	220	217	216	218	211	217	210	214	216	216	215	220	211	215	213	214
218	216	221	218	217	219	212	218	211	215	217	217	216	221	212	216	214	215
219	217	222	219	218	220	213	219	212	216	218	218	217	222	213	217	215	216
220	218	223	220	219	221	214	220	213	217	219	219	218	223	214	218	216	217
221	219	224	221	220	222	215	221	214	218	220	220	219	224	215	-	217	218
222	220	225	222	221	223	216	222	215	219	221	221	220	225	216	219	218	219
223	221	226	223	222	224	217	223	216	220	222	222	221	226	217	220	219	220
224	222	227	224	223	225	218	224	217	221	223	223	222	227	218	221	220	221
225	223	228	225	224	226	219	225	218	222	224	224	223	228	219	222	221	222
226	224	229	226	225	227	220	226	219	223	225	225	224	229	220	223	222	223
227	225	230	227	226	228	221	227	220	224	226	226	225	230	221	224	223	224
228	226	231	228	227	229	222	228	221	225	227	227	226	231	222	225	224	225
229	227	232	229	228	230	223	229	222	226	228	228	227	232	223	226	225	226
230	228	233	230	229	231	224	230	223	227	229	229	228	233	224	227	226	227
231	229	234	231	230	232	225	231	224	228	230	230	229	234	225	228	227	228
232	230	235	232	231	233	226	232	225	229	231	231	230	235	226	229	228	229
233	231	236	233	232	234	227	233	226	230	232	232	231	236	227	230	229	230
234	232	237	234	233	235	228	234	227	231	233	233	232	237	228	231	230	231
235	233	238	235	234	236	229	235	228	232	234	234	233	238	229	232	231	232
236	234	239	236	235	237	230	236	229	233	235	235	234	239	230	233	232	233
237	235	240	237	236	238	231	237	230	234	236	236	235	240	231	234	233	234
238	236	241	238	237	239	232	238	231	235	237	237	236	241	232	235	234	235
239	237	242	239	238	240	233	239	232	236	238	238	237	242	233	236	235	236
240	238	243	240	239	241	234	240	233	237	239	239	238	243	234	237	236	237
241	239	244	241	240	242	235	241	234	238	240	240	239	244	235	238	237	238
242	240	245	242	241	243	236	242	235	239	241	241	240	245	236	239	238	239
243	241	246	243	242	244	237	243	236	240	242	242	241	246	237	240	239	240
244	242	247	244	243	245	238	244	237	241	243	243	242	247	238	241	240	241
245	243	248	245	244	246	239	245	238	242	244	244	243	248	239	242	241	242
246	244	249	246	245	247	240	246	239	243	245	245	244	249	240	243	242	243
247	245	250	247	246	248	241	247	240	244	246	246	245	250	241	244	243	244
248	246	251	248	247	249	242	248	241	245	247	247	246	251	242	245	244	245
249	247	252	249	248	250	243	249	242	246	248	248	247	252	243	246	245	246
250	248	253	250	249	251	244	250	243	247	249	249	248	253	244	247	246	247
251	249	254	251	250	252	245	251	244	248	250	250	249	254	245	248	247	248
252	250	255	252	251	253	246	252	245	249	251	251	250	255	246	249	248	249
253	251	256	253	252	254	247	253	246	250	252	252	251	256	247	250	249	250
254	252	257	254	253	255	248	254	247	251	253	253	252	257	248	251	250	251
255	253	258	255	254	256	249	255	248	252	254	254	253	258	249	252	251	252
256	254	259	256	255	257	250	256	249	253	255	255	254	259	250	253	252	253
257	255	260	257	256	258	251	257	250	254	256	256	255	260	251	254	253	254
258	256	261	258	257	259	252	258	251	255	257	257	256	261	252	255	254	255
259	257	262	259	258	260	-	259	252	-	258	258	257	262	253	256	255	256
-	-	-	-	-	-	-	-	-	-	-	-	-	-	254	-	-	-
-	-	-	-	-	-	-	-	-	-	-	-	-	-	255	-	-	-
-	-	-	-	-	-	-	-	-	-	-	-	-	-	256	-	-	-
-	-	-	-	-	-	-	-	-	-	-	-	-	-	257	-	-	-
-	-	-	-	-	-	-	-	-	-	-	-	-	-	258	-	-	-
-	-	-	-	-	-	-	-	-	-	-	-	-	-	259	-	-	-
-	-	-	-	-	-	-	-	-	-	-	-	-	-	260	-	-	-
-	-	-	-	-	-	-	-	-	-	-	-	-	-	261	-	-	-
-	-	-	-	-	261	-	260	-	-	-	-	-	-	262	-	256	257
260	258	-	260	259	262	253	261	253	256	259	259	258	263	263	257	257	258
261	259	263	261	260	263	254	262	254	257	260	260	259	264	264	258	258	259
262	260	264	262	261	264	255	263	255	258	261	261	260	265	265	259	259	260
263	261	265	263	262	265	256	264	256	259	262	262	261	266	266	260	260	261
264	262	266	264	263	266	257	265	257	260	263	263	262	267	267	261	261	262
265	263	267	265	264	267	258	266	258	261	264	264	263	268	268	262	262	263
266	264	268	266	265	268	259	267	259	262	265	265	264	269	269	263	263	264
267	265	269	267	266	269	260	268	260	263	266	266	265	270	270	264	264	265
268	266	270	268	267	270	261	269	261	264	267	267	266	271	271	265	265	266
269	267	271	269	268	271	262	270	262	265	268	268	267	272	272	266	266	267
270	268	272	270	269	272	263	271	263	266	269	269	268	273	273	267	267	268
271	269	273	271	270	273	264	272	264	267	270	270	269	274	274	268	268	269
272	270	274	272	271	274	265	273	265	268	271	271	270	275	275	269	269	270
273	271	275	273	272	275	266	274	266	269	272	272	271	276	276	270	270	271
274	272	276	274	273	276	267	275	267	270	273	273	272	277	277	271	271	272
275	273	277	275	274	277	268	276	268	271	274	274	273	278	278	272	272	273
276	274	278	276	275	278	269	277	269	272	275	275	274	279	279	273	273	274
277	275	279	277	276	279	270	278	270	273	276	276	275	280	280	274	274	275
278	276	280	278	277	280	271	279	271	274	277	277	276	281	281	275	275	276
279	277	281	279	278	281	272	280	272	275	278	278	277	282	282	276	276	277
280	278	282	280	279	282	273	281	273	276	279	279	278	283	283	277	277	278
281	279	283	281	280	283	274	282	274	277	280	280	279	284	284	278	278	279
282	280	284	282	281	284	275	283	275	278	281	281	280	285	285	279	279	280
283	281	285	283	282	285	276	284	276	279	282	282	281	286	286	280	280	281
284	282	286	284	283	286	277	285	277	280	283	283	282	287	287	281	281	282
285	283	287	285	284	287	278	286	278	281	284	284	283	288	288	282	282	283
286	284	288	286	285	288	279	287	279	282	285	285	284	289	289	283	283	284
287	285	289	287	286	289	280	288	280	283	286	286	285	290	290	284	284	285
288	286	290	288	287	290	281	289	281	284	287	287	286	291	291	285	285	286
289	287	291	289	288	291	282	290	282	285	288	288	287	292	292	286	286	287
290	288	292	290	289	292	283	291	283	286	289	289	288	293	293	287	287	288
291	289	293	291	290	293	284	292	284	287	290	290	289	294	294	288	288	289
292	290	294	292	291	294	285	293	285	288	291	291	290	295	295	289	289	290
293	291	295	293	292	295	286	294	286	289	292	292	291	296	296	290	290	291
294	292	296	294	293	296	287	295	287	290	293	293	292	297	297	291	291	292
295	293	297	295	294	297	288	296	288	291	294	294	293	298	298	292	292	293
296	294	298	296	295	298	289	297	289	292	295	295	294	299	299	293	293	294
297	295	299	297	296	299	290	298	290	293	296	296	295	300	300	294	294	295
298	296	300	298	297	300	291	299	291	294	297	297	296	301	301	295	295	296
299	297	301	299	298	301	292	300	292	295	298	298	297	302	302	296	296	297
300	298	302	300	299	302	293	301	293	296	299	299	298	303	303	297	297	298
301	299	303	301	300	303	294	302	294	297	300	300	299	304	304	298	298	299
302	300	304	302	301	304	295	303	295	298	301	301	300	305	305	299	299	300
303	301	305	303	302	305	296	304	296	299	302	302	301	306	306	300	300	301
304	302	306	304	303	306	297	305	297	300	303	303	302	307	307	301	301	302
305	303	307	305	304	307	298	306	298	301	304	304	303	308	308	302	302	303
306	304	308	306	305	308	299	307	299	302	305	305	304	309	309	303	303	304
307	305	309	307	306	309	300	308	300	303	306	306	305	310	310	304	304	305
308	306	310	308	307	310	301	309	301	304	307	307	306	311	311	305	305	306
309	307	311	309	308	311	302	310	302	305	308	308	307	312	312	306	306	307
310	308	312	310	309	312	303	311	303	306	309	309	308	313	313	307	307	308
311	309	313	311	310	313	304	312	304	307	310	310	309	314	314	308	308	309
312	310	314	312	311	314	305	313	305	308	311	311	310	315	315	309	309	310
313	311	315	313	312	315	306	314	306	309	312	312	311	316	316	310	310	311
314	312	316	314	313	316	307	315	307	310	313	313	312	317	317	311	311	312
315	313	317	315	314	317	308	316	308	311	314	314	313	318	318	312	312	313
316	314	318	316	315	318	309	317	309	312	315	315	314	319	319	313	313	314
317	315	319	317	316	319	310	318	310	313	316	316	315	320	320	314	314	315
318	316	320	318	317	320	311	319	311	314	317	317	316	321	321	315	315	316
319	317	321	319	318	321	312	320	312	315	318	318	317	322	322	316	316	317
320	318	322	320	319	322	313	321	313	316	319	319	318	323	323	317	317	318
321	319	323	321	320	323	314	322	314	317	320	320	319	324	324	318	318	319
322	320	324	322	321	324	315	323	315	318	321	321	320	325	325	319	319	320
323	321	325	323	322	325	316	324	316	319	322	322	321	326	326	320	320	321
324	322	326	324	323	326	317	325	317	320	323	323	322	327	327	321	321	322
325	323	327	325	324	327	318	326	318	321	324	324	323	328	328	322	322	323
326	324	328	326	325	328	319	327	319	322	325	325	324	329	329	323	323	324
-	-	-	-	326	-	320	-	-	323	-	-	-	-	330	324	-	-
-	-	-	-	327	-	321	-	-	-	-	-	-	-	-	-	-	-
-	-	-	-	328	-	322	-	-	-	-	-	-	-	-	-	-	-
-	-	-	-	329	-	-	-	-	-	-	-	-	-	-	-	-	-
327	325	329	327	330	329	323	328	320	324	326	326	325	330	331	325	324	325
328	326	330	328	331	330	324	329	321	325	327	327	326	331	332	326	325	326
329	327	331	329	332	331	325	330	322	326	328	328	327	332	333	327	326	327
330	328	332	330	333	332	326	331	323	327	329	329	328	333	334	328	327	328
331	329	333	331	334	333	327	332	324	328	330	330	329	334	335	329	328	329
332	330	334	332	335	334	328	333	325	329	331	331	330	335	336	330	329	330
333	331	335	333	336	335	329	334	326	330	332	332	331	336	337	331	330	331
334	332	336	334	337	336	330	335	327	331	333	333	332	337	338	332	331	332
335	333	337	335	338	337	331	336	328	332	334	334	333	338	339	333	332	333
336	334	338	336	339	338	332	337	329	333	335	335	334	339	340	334	333	334
337	335	339	337	340	339	333	338	330	334	336	336	335	340	341	335	334	335
338	336	340	338	341	340	334	339	331	335	337	337	336	341	342	336	335	336
339	337	341	339	342	341	335	340	332	336	338	338	337	342	343	337	336	337
340	338	342	340	343	342	336	341	333	337	339	339	338	343	344	338	337	338
341	339	343	341	344	343	337	342	334	338	340	340	339	344	345	339	338	339
342	340	344	342	345	344	338	343	335	339	341	341	340	345	346	340	339	340
343	341	345	343	346	345	339	344	336	340	342	342	341	346	347	341	340	341
344	342	346	344	347	346	340	345	337	341	343	343	342	347	348	342	341	342
345	343	347	345	348	347	341	346	338	342	344	344	343	348	349	343	342	343
346	344	348	346	349	348	342	347	339	343	345	345	344	349	350	344	343	344
347	345	349	347	350	349	343	348	340	344	346	346	345	350	351	345	344	345
348	346	350	348	351	350	344	349	341	345	347	347	346	351	352	346	345	346
349	347	351	349	352	351	345	350	342	346	348	348	347	352	353	347	346	347
350	348	352	350	353	352	346	351	343	347	349	349	348	353	354	348	347	348
351	349	353	351	354	353	347	352	344	348	350	350	349	354	355	349	348	349
352	350	354	352	355	354	348	353	345	349	351	351	350	355	356	350	349	350
353	351	355	353	356	355	349	354	346	350	352	352	351	356	357	351	350	351
354	352	356	354	357	356	350	355	347	351	353	353	352	357	358	352	351	352
355	353	357	355	358	357	351	356	348	352	354	354	353	358	359	353	352	353
356	354	358	356	359	358	352	357	349	353	355	355	354	359	360	354	353	354
357	355	359	357	360	359	353	358	350	354	356	356	355	360	361	355	354	355
358	356	360	358	361	360	354	359	351	355	357	357	356	361	362	356	355	356
359	357	361	359	362	361	355	360	352	356	358	358	357	362	363	357	356	357
360	358	362	360	363	362	356	361	353	357	359	359	358	363	364	358	357	358
361	359	363	361	364	363	357	362	354	358	360	360	359	364	365	359	358	359
362	360	364	362	365	364	358	363	355	359	361	361	360	365	366	360	359	360
363	361	365	363	366	365	359	364	356	360	362	362	361	366	367	361	360	361
364	362	366	364	367	366	360	365	357	361	363	363	362	367	368	362	361	362
365	363	367	365	368	367	361	366	358	362	364	364	363	368	369	363	362	363
366	364	368	366	369	368	362	367	359	363	365	365	364	369	370	364	363	364
367	365	369	367	370	369	363	368	360	364	366	366	365	370	371	365	364	365
368	366	370	368	371	370	364	369	361	365	367	367	366	371	372	366	365	366
369	367	371	369	372	371	365	370	362	366	368	368	367	372	373	367	366	367
370	368	372	370	373	372	366	371	363	367	369	369	368	373	374	368	367	368
371	369	373	371	374	373	367	372	364	368	370	370	369	374	375	369	368	369
372	370	374	372	375	374	368	373	365	369	371	371	370	375	376	370	369	370
373	371	375	373	376	375	369	374	366	370	372	372	371	376	377	371	370	371
374	372	376	374	377	376	370	375	367	371	373	373	372	377	378	372	371	372
375	373	377	375	378	377	371	376	368	372	374	374	373	378	379	373	372	373
376	374	378	376	379	378	372	377	369	373	375	375	374	379	380	374	373	374
377	375	379	377	380	379	373	378	370	374	376	376	375	380	381	375	374	375
378	376	380	378	381	380	374	379	371	375	377	377	376	381	382	376	375	376
379	377	381	379	382	381	375	380	372	376	378	378	377	382	383	377	376	377
380	378	382	380	383	382	376	381	373	377	379	379	378	383	384	378	377	378
381	379	383	381	384	383	377	382	374	378	380	380	379	384	385	379	378	379
382	380	384	382	385	384	378	383	375	379	381	381	380	385	386	380	379	380
383	381	385	383	386	385	379	384	376	380	382	382	381	386	387	381	380	381
384	382	386	384	387	386	380	385	377	381	383	383	382	387	388	382	381	382
385	383	387	385	388	387	381	386	378	382	384	384	383	388	389	383	382	383
386	384	388	386	389	388	382	387	379	383	385	385	384	389	390	384	383	384
387	385	389	387	390	389	383	388	380	384	386	386	385	390	391	385	384	385
388	386	390	388	391	390	384	389	381	385	387	387	386	391	392	386	385	386
389	387	391	389	392	391	385	390	382	386	388	388	387	392	393	387	386	387
390	388	392	390	393	392	386	391	383	387	389	389	388	393	394	388	387	388
391	389	393	391	394	393	387	392	384	388	390	390	389	394	395	389	388	389
392	390	394	392	395	394	388	393	385	389	391	391	390	395	396	390	389	390
393	391	395	393	396	395	389	394	386	390	392	392	391	396	397	391	390	391
394	392	396	394	397	396	390	395	387	391	393	393	392	397	398	392	391	392
395	393	397	395	398	397	391	396	388	392	394	394	393	398	399	393	392	393
396	394	398	396	399	398	392	397	389	393	395	395	394	399	400	394	393	394
397	395	399	397	400	399	393	398	390	394	396	396	395	400	401	395	394	395
398	396	400	398	401	400	394	399	391	395	397	397	396	401	402	396	395	396
399	397	401	399	402	401	395	400	392	396	398	398	397	402	403	397	396	397
400	398	402	400	403	402	396	401	393	397	399	399	398	403	404	398	397	398
401	399	403	401	404	403	397	402	394	398	400	400	399	404	405	399	398	399
402	400	404	402	405	404	398	403	395	399	401	401	400	405	406	400	399	400
403	401	405	403	406	405	399	404	396	400	402	402	401	406	407	401	400	401
404	402	406	404	407	406	400	405	397	401	403	403	402	407	408	402	401	402
405	403	407	405	408	407	401	406	398	402	404	404	403	408	409	403	402	403
406	404	408	406	409	408	402	407	399	403	405	405	404	409	410	404	403	404
407	405	409	407	410	409	403	408	400	404	406	406	405	410	411	405	404	405
408	406	410	408	411	410	404	409	401	405	407	407	406	411	412	406	405	406
409	407	411	409	412	411	405	410	402	406	408	408	407	412	413	407	406	407
410	408	412	410	413	412	406	411	403	407	409	409	408	413	414	408	407	408
411	409	413	411	414	413	407	412	404	408	410	410	409	414	415	409	408	409
412	410	414	412	415	414	408	413	405	409	411	411	410	415	416	410	409	410
413	411	415	413	416	415	409	414	406	410	412	412	411	416	417	411	410	411
414	412	416	414	417	416	410	415	407	411	413	413	412	417	418	412	411	412
415	413	417	415	418	417	411	416	408	412	414	414	413	418	419	413	412	413
416	414	418	416	419	418	412	417	409	413	415	415	414	419	420	414	413	414
417	415	419	417	420	419	413	418	410	414	416	416	415	420	421	415	414	415
418	416	420	418	421	420	414	419	411	415	417	417	416	421	422	416	415	416
419	417	421	419	422	421	415	420	412	416	418	418	417	422	423	417	416	417
420	418	422	420	423	422	416	421	413	417	419	419	418	423	424	418	417	418
421	419	423	421	424	423	417	422	414	418	420	420	419	424	425	419	418	419
422	420	424	422	425	424	418	423	415	419	421	421	420	425	426	420	419	420
423	421	425	423	426	425	419	424	416	420	422	422	421	426	427	421	420	421
424	422	426	424	427	426	420	425	417	421	423	423	422	427	428	422	421	422
425	423	427	425	428	427	421	426	418	422	424	424	423	428	429	423	422	423
426	424	428	426	429	428	422	427	419	423	425	425	424	429	430	424	423	424
427	425	429	427	430	429	423	428	420	424	426	426	425	430	431	425	424	425
428	426	430	428	431	430	424	429	421	425	427	427	426	431	432	426	425	426
429	427	431	429	432	431	425	430	422	426	428	428	427	432	433	427	426	427
430	428	432	430	433	432	426	431	423	427	429	429	428	433	434	428	427	428
431	429	433	431	434	433	427	432	424	428	430	430	429	434	435	429	428	429
432	430	434	432	435	434	428	433	425	429	431	431	430	435	436	430	429	430
433	431	435	433	436	435	429	434	426	430	432	432	431	436	437	431	430	431
434	432	436	434	437	436	430	435	427	431	433	433	432	437	438	432	431	432
435	433	437	435	438	437	431	436	428	432	434	434	433	438	439	433	432	433
436	434	438	436	439	438	432	437	429	433	435	435	434	439	440	434	433	434
437	435	439	437	440	439	433	438	430	434	436	436	435	440	441	435	434	435
438	436	440	438	441	440	434	439	431	435	437	437	436	441	442	436	435	436
439	437	441	439	442	441	435	440	432	436	438	438	437	442	443	437	436	437
440	438	442	440	443	442	436	441	433	437	439	439	438	443	444	438	437	438
441	439	443	441	444	443	437	442	434	438	440	440	439	444	445	439	438	439
442	440	444	442	445	444	438	443	435	439	441	441	440	445	446	440	439	440
443	441	445	443	446	445	439	444	436	440	442	442	441	446	447	441	440	441
444	442	446	444	447	446	440	445	437	441	443	443	442	447	448	442	441	442
445	443	447	445	448	447	441	446	438	442	444	444	443	448	449	443	442	443
446	444	448	446	449	448	442	447	439	443	445	445	444	449	450	444	443	444
447	445	449	447	450	449	443	448	440	444	446	446	445	450	451	445	444	445
448	446	450	448	451	450	444	449	441	445	447	447	446	451	452	446	445	446
449	447	451	449	452	451	445	450	442	446	448	448	447	452	453	447	446	447
450	448	452	450	453	452	446	451	443	447	449	449	448	453	454	448	447	448
451	449	453	451	454	453	447	452	444	448	450	450	449	454	455	449	448	449
452	450	454	452	455	454	448	453	445	449	451	451	450	455	456	450	449	450
453	451	455	453	456	455	449	454	446	450	452	452	451	456	457	451	450	451
454	452	456	454	457	456	450	455	447	451	453	453	452	457	458	452	451	452
455	453	457	455	458	457	451	456	448	452	454	454	453	458	459	453	452	453
456	454	458	456	459	458	452	457	449	453	455	455	454	459	460	454	453	454
457	455	459	457	460	459	453	458	450	454	456	456	455	460	461	455	454	455
458	456	460	458	461	460	454	459	451	455	457	457	456	461	462	456	455	456
459	457	461	459	462	461	455	460	452	456	458	458	457	462	463	457	456	457
460	458	462	460	463	462	456	461	453	457	459	459	458	463	464	458	457	458
461	459	463	461	464	463	457	462	454	458	460	460	459	464	465	459	458	459
462	460	464	462	465	464	458	463	455	459	461	461	460	465	466	460	459	460
463	461	465	463	466	465	459	464	456	460	462	462	461	466	467	461	460	461
464	462	466	464	467	466	460	465	457	461	463	463	462	467	468	462	461	462
465	463	467	465	468	467	461	466	458	462	464	464	463	468	469	463	462	463
466	464	468	466	469	468	462	467	459	463	465	465	464	469	470	464	463	464
467	465	469	467	470	469	463	468	460	464	466	466	465	470	471	465	464	465
468	466	470	468	471	470	464	469	461	465	467	467	466	471	472	466	465	466
469	467	471	469	472	471	465	470	462	466	468	468	467	472	473	467	466	467
470	468	472	470	473	472	466	471	463	467	469	469	468	473	474	468	467	468
471	469	473	471	474	473	467	472	464	468	470	470	469	474	475	469	468	469
472	470	474	472	475	474	468	473	465	469	471	471	470	475	476	470	469	470
473	471	475	473	476	475	469	474	466	470	472	472	471	476	477	471	470	471
474	472	476	474	477	476	470	475	467	471	473	473	472	477	478	472	471	472
475	473	477	475	478	477	471	476	468	472	474	474	473	478	479	473	472	473
476	474	478	476	479	478	472	477	469	473	475	475	474	479	480	474	473	474
477	475	479	477	480	479	473	478	470	474	476	476	475	480	481	475	474	475
478	476	480	478	481	480	474	479	471	475	477	477	476	481	482	476	475	476
479	477	481	479	482	481	475	480	472	476	478	478	477	482	483	477	476	477
480	478	482	480	483	482	476	481	473	477	479	479	478	483	484	478	477	478
481	479	483	481	484	483	477	482	474	478	480	480	479	484	485	479	478	479
482	480	484	482	485	484	478	483	475	479	481	481	480	485	486	480	479	480
483	481	485	483	486	485	479	484	476	480	482	482	481	486	487	481	480	481
484	482	486	484	487	486	480	485	477	481	483	483	482	487	488	482	481	482
485	483	487	485	488	487	481	486	478	482	484	484	483	488	489	483	482	483
486	484	488	486	489	488	482	487	479	483	485	485	484	489	490	484	483	484
487	485	489	487	490	489	483	488	480	484	486	486	485	490	491	485	484	485
488	486	490	488	491	490	484	489	481	485	487	487	486	491	492	486	485	486
489	487	491	489	492	491	485	490	482	486	488	488	487	492	493	487	486	487
490	488	492	490	493	492	486	491	483	487	489	489	488	493	494	488	487	488
491	489	493	491	494	493	487	492	484	488	490	490	489	494	495	489	488	489
492	490	494	492	495	494	488	493	485	489	491	491	490	495	496	490	489	490
493	491	495	493	496	495	489	494	486	490	492	492	491	496	497	491	490	491
494	492	496	494	497	496	490	495	487	491	493	493	492	497	498	492	491	492
495	493	497	495	498	497	491	496	488	492	494	494	493	498	499	493	492	493
496	494	498	496	499	498	492	497	489	493	495	495	494	499	500	494	493	494
497	495	499	497	500	499	493	498	490	494	496	496	495	500	501	495	494	495
498	496	500	498	501	500	494	499	491	495	497	497	496	501	502	496	495	496
499	497	501	499	502	501	495	500	492	496	498	498	497	502	503	497	496	497
500	498	502	500	503	502	496	501	493	497	499	499	498	503	504	498	497	498
501	499	503	501	504	503	497	502	494	498	500	500	499	504	505	499	498	499
502	500	504	502	505	504	498	503	495	499	501	501	500	505	506	500	499	-
503	501	505	503	506	505	499	504	496	500	502	502	501	506	507	501	500	-
504	502	506	504	507	506	500	505	497	501	503	503	502	507	508	502	501	-
505	503	507	505	508	507	501	506	498	502	504	504	503	508	509	503	502	-
506	504	508	506	509	508	502	507	499	503	505	505	504	509	510	504	503	-
507	505	509	507	510	509	503	508	500	504	506	506	505	510	511	505	504	-
508	506	510	508	511	510	504	509	501	505	507	507	506	511	512	506	505	-
509	507	-	-	512	511	-	510	502	-	508	508	507	-	-	507	506	-
-	-	-	-	-	-	-	-	-	-	509	-	508	-	-	508	-	-
510	508	511	509	513	512	505	511	503	506	510	509	509	512	513	509	507	-
511	509	512	510	514	513	506	512	504	507	511	510	510	513	514	510	508	-
512	510	513	511	515	514	507	513	505	508	512	511	511	514	515	511	509	-
513	511	514	512	516	515	508	514	506	509	513	512	512	515	516	512	510	-
514	512	515	513	517	516	509	515	507	510	514	513	513	516	517	513	511	-
515	513	516	514	518	517	510	516	508	511	515	514	514	517	518	514	512	-
516	514	517	515	519	518	511	517	509	512	516	515	515	518	519	515	513	-
517	515	518	516	520	519	512	518	510	513	517	516	516	519	520	516	514	-
518	516	519	517	521	520	513	519	511	514	518	517	517	520	521	517	515	-
519	517	520	518	522	521	514	520	512	515	519	518	518	521	522	518	516	-
520	518	521	519	523	522	515	521	513	516	520	519	519	522	523	519	517	-
521	519	522	520	524	523	516	522	514	517	521	520	520	523	524	520	518	-
522	520	523	521	525	524	517	523	515	518	522	521	521	524	525	521	519	-
523	521	524	522	526	525	518	524	516	519	523	522	522	525	526	522	520	-
524	522	525	523	527	526	519	525	517	520	524	523	523	526	527	523	521	-
525	523	526	524	528	527	520	526	518	521	525	524	524	527	528	524	522	-
526	524	527	525	529	528	521	527	519	522	526	525	525	528	529	525	523	-
527	525	528	526	530	529	522	528	520	523	527	526	526	529	530	526	524	-
528	526	529	527	531	530	523	529	521	524	528	527	527	530	531	527	525	-
529	527	530	528	532	531	524	530	522	525	529	528	528	531	532	528	526	-
530	528	531	529	533	532	525	531	523	526	530	529	529	532	533	529	527	-
531	529	532	530	534	533	526	532	524	527	531	530	530	533	534	530	528	-
532	530	533	531	535	534	527	533	525	528	532	531	531	534	535	531	529	-
533	531	534	532	536	535	528	534	526	529	533	532	532	535	536	532	530	-
534	532	535	533	537	536	529	535	527	530	534	533	533	536	537	533	531	-
535	533	536	534	538	537	530	536	528	531	535	534	534	537	538	534	532	-
536	534	537	535	539	538	531	537	529	532	536	535	535	538	539	535	533	-
537	535	538	536	540	539	532	538	530	533	537	536	536	539	540	536	534	-
538	536	539	537	541	540	533	539	531	534	538	537	537	540	541	537	535	-
539	537	540	538	542	541	534	540	532	535	539	538	538	541	542	538	536	-
540	538	541	539	543	542	535	541	-	536	540	539	539	542	543	539	537	-
541	539	542	540	544	543	536	542	-	537	541	540	540	543	544	540	538	-
542	540	543	541	545	544	537	543	-	538	542	541	541	544	545	541	539	-
543	541	544	542	546	545	538	544	-	539	543	542	542	545	546	542	540	-
544	542	545	543	547	546	539	545	-	540	544	543	543	546	547	543	541	-
545	543	546	544	548	547	540	546	-	541	545	544	544	547	548	544	542	-
546	544	547	545	549	548	541	547	-	542	546	545	545	548	549	545	543	-
547	545	548	546	550	549	542	548	-	543	547	546	546	549	550	546	544	-
548	546	549	547	551	550	543	549	-	544	548	547	547	550	551	547	545	-
549	547	550	548	552	551	544	550	-	545	549	548	548	551	552	548	546	-
